
// Module names are of the form poly_<inkscape-path-id>().  As a result,
// you can associate a polygon in this OpenSCAD program with the corresponding
// SVG element in the Inkscape document by looking for the XML element with
// the attribute id="inkscape-path-id".

// fudge value is used to ensure that subtracted solids are a tad taller
// in the z dimension than the polygon being subtracted from.  This helps
// keep the resulting .stl file manifold.
fudge = 0.1;

module poly_path3256(h)
{
  scale([25.4/90, -25.4/90, 1]) union()
  {
    linear_extrude(height=h)
      polygon([[-212.591799,-238.390904],[-212.591799,198.001676],[-35.431641,234.366906],[-26.807131,236.347863],[-18.874584,237.636857],[-11.571012,238.296874],[-4.833427,238.390904],[1.401158,237.981934],[7.195733,237.132952],[12.613284,235.906947],[17.716799,234.366906],[212.591799,198.001676],[212.591799,-238.390904],[172.994139,-230.261994],[172.994139,-201.373324],[195.656249,-202.879184],[196.949219,-220.713174],[196.949219,-202.961214],[198.425779,-203.056914],[196.949219,-202.783474],[196.949219,186.825906],[190.988279,102.125111],[186.890133,35.514380],[185.539607,7.596298],[185.027339,-12.367454],[185.365735,-30.468433],[186.282223,-53.498781],[189.257315,-107.728995],[192.768300,-161.820918],[195.630859,-202.537374],[172.994139,-198.330344],[172.994139,175.943086],[188.425779,174.943086],[172.994139,177.810276],[172.994139,201.007546],[171.669919,178.056376],[-4.169921,210.736046],[2.392579,212.796596],[-6.431641,211.155966],[-15.253911,212.796596],[-8.691411,210.736046],[-169.900389,180.777066],[-171.066409,201.007536],[-171.066409,180.560266],[-194.248049,176.251676],[-195.019529,186.825896],[-195.019529,176.107146],[-201.287109,174.943076],[-195.019529,175.345426],[-195.019529,-220.713174],[-193.156738,-195.031964],[-189.058598,-134.867806],[-184.960455,-65.539904],[-183.609930,-35.351801],[-183.097659,-12.367464],[-183.487794,4.656903],[-184.534262,27.834137],[-187.852593,84.025094],[-194.185549,175.398156],[-171.066409,176.972376],[-171.066409,-199.299104],[-191.287109,-203.056924],[-171.066409,-201.726844],[-171.066409,-229.867464],[-212.591799,-238.390904]]);
    linear_extrude(height=h)
      polygon([[172.960939,-230.256134],[35.431639,-202.025674],[26.573730,-200.520571],[17.715820,-199.301464],[8.857910,-198.440369],[-0.000001,-198.009304],[-8.857911,-198.080285],[-17.715822,-198.725329],[-26.573732,-200.016453],[-35.431641,-202.025674],[-171.009769,-229.855744],[-169.392579,-201.613564],[-123.786885,-198.070570],[-101.733486,-195.873013],[-85.324221,-193.584264],[-77.598885,-191.858351],[-67.236141,-189.146590],[-41.938255,-181.894074],[3.568359,-167.972934],[49.074834,-181.893725],[74.373888,-189.146422],[84.737173,-191.858281],[92.462889,-193.584264],[107.799709,-195.757184],[128.203605,-197.838511],[171.302729,-201.256134],[172.960939,-230.256134]]);
    difference()
    {
       linear_extrude(height=h)
         polygon([[-169.246099,-198.961214],[-164.083043,-99.417599],[-161.948439,-48.303700],[-161.309307,-26.931320],[-161.076169,-10.070594],[-161.336176,5.458724],[-162.044493,26.401702],[-164.375814,78.194889],[-169.685549,177.073936],[-128.277806,180.435165],[-109.420005,182.397539],[-95.324221,184.415736],[-87.598885,186.141649],[-77.236141,188.853410],[-51.938255,196.105926],[-6.431641,210.027066],[39.074834,196.106275],[64.373888,188.853578],[74.737173,186.141719],[82.462889,184.415736],[90.284226,183.191812],[100.230688,181.974100],[124.143099,179.646199],[171.554689,176.042686],[166.257612,77.182614],[163.958115,25.941553],[163.261338,5.261415],[163.005859,-10.070594],[163.236183,-26.815842],[163.867999,-48.021966],[165.981168,-98.748670],[171.121089,-197.982704],[5.830079,-167.263954],[12.392579,-165.203404],[3.568359,-166.844034],[-5.253911,-165.203404],[1.308589,-167.263954],[-169.246099,-198.961214]]);
       translate([0, 0, -fudge])
         linear_extrude(height=h+2*fudge)
           polygon([[-0.000001,-153.890904],[7.716799,-8.084264],[-0.000001,186.796596],[-7.716801,-8.084264],[-0.000001,-153.890904]]);
    }
  }
}

module mark(h)
{

poly_path3256(h);
}

mark(2);
